function [] = G3_S5_Aufg1()
x1 = -0.5;
x2 = 0.5;
f = (230*x.^4 + 18*x.^3 + 9*x.^2 -9)/221;
tol = 0.000001;
